PID	%CPU	TimeStamp
0	0.0	0.010000
1	0.0	0.010000
3	0.0	0.010000
4	0.0	0.010000
5	0.0	0.010000
1	33.3	0.020000
2	33.3	0.020000
3	33.3	0.020000
4	33.3	0.020000
0	0.0	0.020000
5	0.0	0.020000
0	20.0	0.030000
2	20.0	0.030000
5	20.0	0.030000
1	0.0	0.030000
3	0.0	0.030000
4	0.0	0.030000
0	33.3	0.040000
1	33.3	0.040000
3	33.3	0.040000
2	0.0	0.040000
4	0.0	0.040000
5	0.0	0.040000
4	66.7	0.050000
5	66.7	0.050000
0	33.3	0.050000
1	33.3	0.050000
2	33.3	0.050000
3	33.3	0.050000
0	50.0	0.060000
1	25.0	0.060000
2	25.0	0.060000
3	25.0	0.060000
4	25.0	0.060000
5	0.0	0.060000
1	50.0	0.070000
2	50.0	0.070000
4	50.0	0.070000
5	50.0	0.070000
0	0.0	0.070000
3	0.0	0.070000
0	33.3	0.080000
1	33.3	0.080000
2	33.3	0.080000
3	33.3	0.080000
4	33.3	0.080000
5	0.0	0.080000
0	33.3	0.090000
1	33.3	0.090000
3	33.3	0.090000
4	33.3	0.090000
5	33.3	0.090000
2	0.0	0.090000
0	50.0	0.100000
1	50.0	0.100000
2	50.0	0.100000
3	50.0	0.100000
4	50.0	0.100000
5	50.0	0.100000
0	33.3	0.110000
2	33.3	0.110000
4	33.3	0.110000
1	0.0	0.110000
3	0.0	0.110000
5	0.0	0.110000
1	66.7	0.120000
0	33.3	0.120000
3	33.3	0.120000
4	33.3	0.120000
5	33.3	0.120000
2	0.0	0.120000
2	33.3	0.130000
5	33.3	0.130000
0	0.0	0.130000
1	0.0	0.130000
3	0.0	0.130000
4	0.0	0.130000
0	100.0	0.140000
1	100.0	0.140000
2	100.0	0.140000
3	100.0	0.140000
4	100.0	0.140000
5	100.0	0.140000
0	33.3	0.150000
1	33.3	0.150000
3	33.3	0.150000
4	33.3	0.150000
2	0.0	0.150000
5	0.0	0.150000
0	33.3	0.160000
2	33.3	0.160000
4	33.3	0.160000
5	33.3	0.160000
1	0.0	0.160000
3	0.0	0.160000
1	50.0	0.170000
3	50.0	0.170000
4	50.0	0.170000
0	0.0	0.170000
2	0.0	0.170000
5	0.0	0.170000
0	66.7	0.180000
1	66.7	0.180000
2	33.3	0.180000
3	33.3	0.180000
5	33.3	0.180000
4	0.0	0.180000
4	50.0	0.190000
0	0.0	0.190000
1	0.0	0.190000
2	0.0	0.190000
3	0.0	0.190000
5	0.0	0.190000
1	66.7	0.200000
0	33.3	0.200000
2	33.3	0.200000
3	33.3	0.200000
4	33.3	0.200000
5	33.3	0.200000
0	100.0	0.210000
2	50.0	0.210000
3	50.0	0.210000
4	50.0	0.210000
1	0.0	0.210000
5	0.0	0.210000
1	33.3	0.220000
4	33.3	0.220000
5	33.3	0.220000
0	0.0	0.220000
2	0.0	0.220000
3	0.0	0.220000
0	50.0	0.230000
1	50.0	0.230000
2	50.0	0.230000
3	50.0	0.230000
4	50.0	0.230000
5	50.0	0.230000
0	33.3	0.240000
1	33.3	0.240000
2	33.3	0.240000
5	33.3	0.240000
3	0.0	0.240000
4	0.0	0.240000
4	66.7	0.250000
0	33.3	0.250000
1	33.3	0.250000
3	33.3	0.250000
5	33.3	0.250000
2	0.0	0.250000
2	33.3	0.260000
3	33.3	0.260000
0	0.0	0.260000
1	0.0	0.260000
4	0.0	0.260000
5	0.0	0.260000
1	66.7	0.270000
0	33.3	0.270000
2	33.3	0.270000
3	33.3	0.270000
4	33.3	0.270000
5	33.3	0.270000
0	50.0	0.280000
4	50.0	0.280000
1	0.0	0.280000
2	0.0	0.280000
3	0.0	0.280000
5	0.0	0.280000
0	50.0	0.290000
2	50.0	0.290000
1	0.0	0.290000
3	0.0	0.290000
4	0.0	0.290000
5	0.0	0.290000
3	66.7	0.300000
4	66.7	0.300000
1	33.3	0.300000
5	33.3	0.300000
0	0.0	0.300000
2	0.0	0.300000
0	66.7	0.310000
1	66.7	0.310000
2	33.3	0.310000
4	33.3	0.310000
5	33.3	0.310000
3	0.0	0.310000
2	50.0	0.320000
3	50.0	0.320000
4	50.0	0.320000
5	50.0	0.320000
0	0.0	0.320000
1	0.0	0.320000
0	50.0	0.330000
1	50.0	0.330000
2	0.0	0.330000
3	0.0	0.330000
4	0.0	0.330000
5	0.0	0.330000
0	50.0	0.340000
1	50.0	0.340000
2	50.0	0.340000
3	50.0	0.340000
4	50.0	0.340000
5	50.0	0.340000
0	33.3	0.350000
2	33.3	0.350000
4	33.3	0.350000
5	33.3	0.350000
1	0.0	0.350000
3	0.0	0.350000
0	50.0	0.360000
1	50.0	0.360000
3	50.0	0.360000
2	0.0	0.360000
4	0.0	0.360000
5	0.0	0.360000
0	33.3	0.370000
1	33.3	0.370000
2	33.3	0.370000
3	33.3	0.370000
4	33.3	0.370000
5	33.3	0.370000
0	50.0	0.380000
1	50.0	0.380000
5	50.0	0.380000
2	0.0	0.380000
3	0.0	0.380000
4	0.0	0.380000
4	66.7	0.390000
2	33.3	0.390000
3	33.3	0.390000
0	0.0	0.390000
1	0.0	0.390000
5	0.0	0.390000
0	50.0	0.400000
1	50.0	0.400000
3	50.0	0.400000
5	50.0	0.400000
2	0.0	0.400000
4	0.0	0.400000
4	100.0	0.410000
1	66.7	0.410000
2	66.7	0.410000
0	33.3	0.410000
3	33.3	0.410000
5	33.3	0.410000
0	33.3	0.420000
1	0.0	0.420000
2	0.0	0.420000
3	0.0	0.420000
4	0.0	0.420000
5	0.0	0.420000
1	50.0	0.430000
3	50.0	0.430000
4	50.0	0.430000
5	50.0	0.430000
0	0.0	0.430000
2	0.0	0.430000
0	50.0	0.440000
1	50.0	0.440000
2	50.0	0.440000
3	0.0	0.440000
4	0.0	0.440000
5	0.0	0.440000
4	100.0	0.450000
0	50.0	0.450000
2	50.0	0.450000
3	50.0	0.450000
5	50.0	0.450000
1	0.0	0.450000
0	33.3	0.460000
1	33.3	0.460000
3	33.3	0.460000
2	0.0	0.460000
4	0.0	0.460000
5	0.0	0.460000
1	50.0	0.470000
2	50.0	0.470000
4	50.0	0.470000
5	50.0	0.470000
0	0.0	0.470000
3	0.0	0.470000
0	50.0	0.480000
1	25.0	0.480000
2	25.0	0.480000
3	25.0	0.480000
4	25.0	0.480000
5	25.0	0.480000
1	50.0	0.490000
4	50.0	0.490000
0	0.0	0.490000
2	0.0	0.490000
3	0.0	0.490000
5	0.0	0.490000
0	50.0	0.500000
1	50.0	0.500000
2	50.0	0.500000
3	50.0	0.500000
5	50.0	0.500000
4	0.0	0.500000
4	66.7	0.510000
0	33.3	0.510000
1	33.3	0.510000
2	33.3	0.510000
3	33.3	0.510000
5	33.3	0.510000
0	50.0	0.520000
5	50.0	0.520000
1	0.0	0.520000
2	0.0	0.520000
3	0.0	0.520000
4	0.0	0.520000
0	33.3	0.530000
1	33.3	0.530000
2	33.3	0.530000
3	33.3	0.530000
4	33.3	0.530000
5	0.0	0.530000
1	100.0	0.540000
0	50.0	0.540000
2	50.0	0.540000
3	50.0	0.540000
4	50.0	0.540000
5	50.0	0.540000
0	33.3	0.550000
4	33.3	0.550000
5	33.3	0.550000
1	0.0	0.550000
2	0.0	0.550000
3	0.0	0.550000
1	100.0	0.560000
0	50.0	0.560000
3	50.0	0.560000
4	50.0	0.560000
5	50.0	0.560000
2	0.0	0.560000
0	33.3	0.570000
2	33.3	0.570000
3	33.3	0.570000
4	33.3	0.570000
1	0.0	0.570000
5	0.0	0.570000
0	50.0	0.580000
1	0.0	0.580000
2	0.0	0.580000
3	0.0	0.580000
4	0.0	0.580000
5	0.0	0.580000
0	33.3	0.590000
1	33.3	0.590000
2	33.3	0.590000
3	33.3	0.590000
4	33.3	0.590000
5	33.3	0.590000
1	100.0	0.600000
2	50.0	0.600000
4	50.0	0.600000
5	50.0	0.600000
0	0.0	0.600000
3	0.0	0.600000
0	50.0	0.610000
3	50.0	0.610000
4	50.0	0.610000
1	0.0	0.610000
2	0.0	0.610000
5	0.0	0.610000
0	33.3	0.620000
2	33.3	0.620000
3	33.3	0.620000
4	33.3	0.620000
5	33.3	0.620000
1	0.0	0.620000
1	100.0	0.630000
2	50.0	0.630000
0	0.0	0.630000
3	0.0	0.630000
4	0.0	0.630000
5	0.0	0.630000
0	33.3	0.640000
3	33.3	0.640000
4	33.3	0.640000
5	33.3	0.640000
1	0.0	0.640000
2	0.0	0.640000
0	33.3	0.650000
1	33.3	0.650000
2	33.3	0.650000
4	33.3	0.650000
5	33.3	0.650000
3	0.0	0.650000
1	50.0	0.660000
2	50.0	0.660000
3	50.0	0.660000
4	50.0	0.660000
0	0.0	0.660000
5	0.0	0.660000
0	100.0	0.670000
1	50.0	0.670000
5	50.0	0.670000
2	0.0	0.670000
3	0.0	0.670000
4	0.0	0.670000
1	33.3	0.680000
2	33.3	0.680000
3	33.3	0.680000
4	33.3	0.680000
0	0.0	0.680000
5	0.0	0.680000
0	33.3	0.690000
1	33.3	0.690000
4	33.3	0.690000
5	33.3	0.690000
2	0.0	0.690000
3	0.0	0.690000
0	50.0	0.700000
2	50.0	0.700000
3	50.0	0.700000
4	50.0	0.700000
5	50.0	0.700000
1	0.0	0.700000
1	66.7	0.710000
0	33.3	0.710000
3	33.3	0.710000
4	33.3	0.710000
5	33.3	0.710000
2	0.0	0.710000
2	33.3	0.720000
4	33.3	0.720000
0	0.0	0.720000
1	0.0	0.720000
3	0.0	0.720000
5	0.0	0.720000
0	100.0	0.730000
1	50.0	0.730000
2	50.0	0.730000
3	50.0	0.730000
4	50.0	0.730000
5	50.0	0.730000
0	50.0	0.740000
1	50.0	0.740000
3	50.0	0.740000
5	50.0	0.740000
2	0.0	0.740000
4	0.0	0.740000
1	33.3	0.750000
2	33.3	0.750000
3	33.3	0.750000
4	33.3	0.750000
0	0.0	0.750000
5	0.0	0.750000
0	50.0	0.760000
2	50.0	0.760000
4	50.0	0.760000
5	50.0	0.760000
1	0.0	0.760000
3	0.0	0.760000
0	50.0	0.770000
1	50.0	0.770000
4	50.0	0.770000
2	0.0	0.770000
3	0.0	0.770000
5	0.0	0.770000
0	33.3	0.780000
1	33.3	0.780000
2	33.3	0.780000
3	33.3	0.780000
4	0.0	0.780000
5	0.0	0.780000
0	33.3	0.790000
1	33.3	0.790000
2	33.3	0.790000
3	33.3	0.790000
4	33.3	0.790000
5	33.3	0.790000
4	100.0	0.800000
1	50.0	0.800000
5	50.0	0.800000
0	0.0	0.800000
2	0.0	0.800000
3	0.0	0.800000
0	33.3	0.810000
1	33.3	0.810000
2	33.3	0.810000
3	33.3	0.810000
4	0.0	0.810000
5	0.0	0.810000
0	33.3	0.820000
2	33.3	0.820000
4	33.3	0.820000
1	0.0	0.820000
3	0.0	0.820000
5	0.0	0.820000
1	66.7	0.830000
0	33.3	0.830000
3	33.3	0.830000
4	33.3	0.830000
5	33.3	0.830000
2	0.0	0.830000
2	50.0	0.839999
3	50.0	0.839999
4	50.0	0.839999
5	50.0	0.839999
0	0.0	0.839999
1	0.0	0.839999
0	100.0	0.849999
1	50.0	0.849999
2	0.0	0.849999
3	0.0	0.849999
4	0.0	0.849999
5	0.0	0.849999
0	33.3	0.859999
1	33.3	0.859999
2	33.3	0.859999
3	33.3	0.859999
4	33.3	0.859999
5	33.3	0.859999
4	50.0	0.869999
5	50.0	0.869999
0	0.0	0.869999
1	0.0	0.869999
2	0.0	0.869999
3	0.0	0.869999
0	33.3	0.879999
1	33.3	0.879999
2	33.3	0.879999
3	33.3	0.879999
4	33.3	0.879999
5	0.0	0.879999
0	50.0	0.889999
1	50.0	0.889999
2	50.0	0.889999
3	50.0	0.889999
4	50.0	0.889999
5	50.0	0.889999
0	50.0	0.899999
1	50.0	0.899999
2	50.0	0.899999
3	0.0	0.899999
4	0.0	0.899999
5	0.0	0.899999
1	50.0	0.909999
3	50.0	0.909999
4	50.0	0.909999
5	50.0	0.909999
0	0.0	0.909999
2	0.0	0.909999
0	33.3	0.919999
4	33.3	0.919999
1	0.0	0.919999
2	0.0	0.919999
3	0.0	0.919999
5	0.0	0.919999
0	33.3	0.929999
1	33.3	0.929999
2	33.3	0.929999
3	33.3	0.929999
4	33.3	0.929999
5	33.3	0.929999
0	50.0	0.939999
1	50.0	0.939999
2	50.0	0.939999
3	50.0	0.939999
4	50.0	0.939999
5	50.0	0.939999
0	50.0	0.949999
1	50.0	0.949999
2	50.0	0.949999
4	50.0	0.949999
5	50.0	0.949999
3	0.0	0.949999
0	33.3	0.959999
1	33.3	0.959999
3	33.3	0.959999
2	0.0	0.959999
4	0.0	0.959999
5	0.0	0.959999
0	33.3	0.969999
1	33.3	0.969999
2	33.3	0.969999
3	33.3	0.969999
4	33.3	0.969999
5	33.3	0.969999
1	50.0	0.979999
3	50.0	0.979999
4	50.0	0.979999
5	50.0	0.979999
0	0.0	0.979999
2	0.0	0.979999
0	66.7	0.989999
1	33.3	0.989999
2	33.3	0.989999
3	33.3	0.989999
4	33.3	0.989999
5	0.0	0.989999
2	50.0	0.999999
4	50.0	0.999999
5	50.0	0.999999
0	0.0	0.999999
1	0.0	0.999999
3	0.0	0.999999
0	50.0	1.009999
1	50.0	1.009999
3	50.0	1.009999
2	0.0	1.009999
4	0.0	1.009999
5	0.0	1.009999
0	33.3	1.019999
1	33.3	1.019999
2	33.3	1.019999
4	33.3	1.019999
5	33.3	1.019999
3	0.0	1.019999
0	50.0	1.029999
1	50.0	1.029999
2	50.0	1.029999
3	50.0	1.029999
4	50.0	1.029999
5	50.0	1.029999
1	33.3	1.039999
3	33.3	1.039999
4	33.3	1.039999
0	0.0	1.039999
2	0.0	1.039999
5	0.0	1.039999
0	50.0	1.049999
2	50.0	1.049999
1	0.0	1.049999
3	0.0	1.049999
4	0.0	1.049999
5	0.0	1.049999
0	50.0	1.059999
1	50.0	1.059999
3	50.0	1.059999
4	50.0	1.059999
5	50.0	1.059999
2	0.0	1.059999
0	33.3	1.069999
1	33.3	1.069999
2	33.3	1.069999
4	33.3	1.069999
5	33.3	1.069999
3	0.0	1.069999
3	50.0	1.079999
4	50.0	1.079999
5	50.0	1.079999
0	0.0	1.079999
1	0.0	1.079999
2	0.0	1.079999
1	50.0	1.089999
0	25.0	1.089999
2	25.0	1.089999
5	25.0	1.089999
3	0.0	1.089999
4	0.0	1.089999
0	50.0	1.099999
2	50.0	1.099999
3	50.0	1.099999
4	50.0	1.099999
1	0.0	1.099999
5	0.0	1.099999
0	50.0	1.109999
1	50.0	1.109999
2	0.0	1.109999
3	0.0	1.109999
4	0.0	1.109999
5	0.0	1.109999
0	33.3	1.119999
1	33.3	1.119999
3	33.3	1.119999
4	33.3	1.119999
5	33.3	1.119999
2	0.0	1.119999
1	50.0	1.129999
2	50.0	1.129999
4	50.0	1.129999
5	50.0	1.129999
0	0.0	1.129999
3	0.0	1.129999
4	100.0	1.139999
0	50.0	1.139999
2	50.0	1.139999
3	50.0	1.139999
5	50.0	1.139999
1	0.0	1.139999
1	50.0	1.149999
0	25.0	1.149999
2	25.0	1.149999
3	25.0	1.149999
4	0.0	1.149999
5	0.0	1.149999
0	50.0	1.159999
2	50.0	1.159999
4	50.0	1.159999
5	50.0	1.159999
1	0.0	1.159999
3	0.0	1.159999
0	50.0	1.169999
1	50.0	1.169999
3	50.0	1.169999
4	50.0	1.169999
2	0.0	1.169999
5	0.0	1.169999
0	33.3	1.179999
1	33.3	1.179999
2	33.3	1.179999
3	33.3	1.179999
4	33.3	1.179999
5	33.3	1.179999
1	33.3	1.189999
2	33.3	1.189999
3	33.3	1.189999
4	33.3	1.189999
5	33.3	1.189999
0	0.0	1.189999
0	66.7	1.199999
1	33.3	1.199999
3	33.3	1.199999
2	0.0	1.199999
4	0.0	1.199999
5	0.0	1.199999
4	66.7	1.209999
0	33.3	1.209999
2	33.3	1.209999
5	33.3	1.209999
1	0.0	1.209999
3	0.0	1.209999
1	50.0	1.219999
2	50.0	1.219999
3	50.0	1.219999
5	50.0	1.219999
0	0.0	1.219999
4	0.0	1.219999
0	50.0	1.229999
1	50.0	1.229999
3	50.0	1.229999
4	50.0	1.229999
5	50.0	1.229999
2	0.0	1.229999
0	33.3	1.239999
1	33.3	1.239999
2	33.3	1.239999
4	33.3	1.239999
3	0.0	1.239999
5	0.0	1.239999
0	33.3	1.249999
1	33.3	1.249999
2	33.3	1.249999
3	33.3	1.249999
4	33.3	1.249999
5	33.3	1.249999
1	50.0	1.259999
3	50.0	1.259999
4	50.0	1.259999
5	50.0	1.259999
0	0.0	1.259999
2	0.0	1.259999
0	50.0	1.269999
2	50.0	1.269999
4	50.0	1.269999
5	50.0	1.269999
1	0.0	1.269999
3	0.0	1.269999
0	66.7	1.279999
1	66.7	1.279999
2	33.3	1.279999
4	33.3	1.279999
3	0.0	1.279999
5	0.0	1.279999
1	50.0	1.289999
3	50.0	1.289999
4	50.0	1.289999
5	50.0	1.289999
0	0.0	1.289999
2	0.0	1.289999
4	100.0	1.299999
0	50.0	1.299999
2	50.0	1.299999
5	50.0	1.299999
1	0.0	1.299999
3	0.0	1.299999
0	33.3	1.309999
1	33.3	1.309999
3	33.3	1.309999
2	0.0	1.309999
4	0.0	1.309999
5	0.0	1.309999
0	50.0	1.319999
1	50.0	1.319999
2	50.0	1.319999
3	50.0	1.319999
4	0.0	1.319999
5	0.0	1.319999
4	66.7	1.329999
0	33.3	1.329999
1	33.3	1.329999
2	33.3	1.329999
5	33.3	1.329999
3	0.0	1.329999
1	50.0	1.339999
3	50.0	1.339999
5	50.0	1.339999
0	0.0	1.339999
2	0.0	1.339999
4	0.0	1.339999
0	33.3	1.349999
4	33.3	1.349999
1	0.0	1.349999
2	0.0	1.349999
3	0.0	1.349999
5	0.0	1.349999
0	50.0	1.359999
1	50.0	1.359999
2	50.0	1.359999
3	50.0	1.359999
4	50.0	1.359999
5	0.0	1.359999
0	50.0	1.369999
1	50.0	1.369999
2	50.0	1.369999
3	50.0	1.369999
4	50.0	1.369999
5	50.0	1.369999
0	33.3	1.379999
1	33.3	1.379999
2	33.3	1.379999
5	33.3	1.379999
3	0.0	1.379999
4	0.0	1.379999
3	50.0	1.389999
4	50.0	1.389999
0	0.0	1.389999
1	0.0	1.389999
2	0.0	1.389999
5	0.0	1.389999
0	33.3	1.399999
1	33.3	1.399999
2	33.3	1.399999
4	33.3	1.399999
5	33.3	1.399999
3	0.0	1.399999
0	50.0	1.409999
1	50.0	1.409999
3	50.0	1.409999
2	0.0	1.409999
4	0.0	1.409999
5	0.0	1.409999
1	33.3	1.419999
4	33.3	1.419999
5	33.3	1.419999
0	0.0	1.419999
2	0.0	1.419999
3	0.0	1.419999
0	100.0	1.429999
1	50.0	1.429999
2	50.0	1.429999
3	50.0	1.429999
4	50.0	1.429999
5	0.0	1.429999
3	33.3	1.439999
4	33.3	1.439999
5	33.3	1.439999
0	0.0	1.439999
1	0.0	1.439999
2	0.0	1.439999
0	33.3	1.449999
1	33.3	1.449999
2	33.3	1.449999
5	33.3	1.449999
3	0.0	1.449999
4	0.0	1.449999
0	50.0	1.459999
1	50.0	1.459999
3	50.0	1.459999
4	50.0	1.459999
5	50.0	1.459999
2	0.0	1.459999
4	66.7	1.469999
0	33.3	1.469999
1	33.3	1.469999
2	33.3	1.469999
3	33.3	1.469999
5	0.0	1.469999
1	50.0	1.479999
2	50.0	1.479999
5	50.0	1.479999
0	0.0	1.479999
3	0.0	1.479999
4	0.0	1.479999
0	50.0	1.489999
1	50.0	1.489999
3	50.0	1.489999
4	50.0	1.489999
2	0.0	1.489999
5	0.0	1.489999
0	33.3	1.499999
1	33.3	1.499999
2	33.3	1.499999
4	33.3	1.499999
5	33.3	1.499999
3	0.0	1.499999
0	50.0	1.509999
2	50.0	1.509999
3	50.0	1.509999
4	50.0	1.509999
5	50.0	1.509999
1	0.0	1.509999
0	33.3	1.519999
1	33.3	1.519999
3	33.3	1.519999
2	0.0	1.519999
4	0.0	1.519999
5	0.0	1.519999
1	33.3	1.529999
2	33.3	1.529999
4	33.3	1.529999
5	33.3	1.529999
0	0.0	1.529999
3	0.0	1.529999
0	50.0	1.539999
3	50.0	1.539999
4	50.0	1.539999
5	50.0	1.539999
1	0.0	1.539999
2	0.0	1.539999
0	50.0	1.549999
1	50.0	1.549999
2	50.0	1.549999
3	0.0	1.549999
4	0.0	1.549999
5	0.0	1.549999
4	66.7	1.559999
0	33.3	1.559999
1	33.3	1.559999
2	33.3	1.559999
3	33.3	1.559999
5	33.3	1.559999
0	50.0	1.569999
1	50.0	1.569999
3	50.0	1.569999
2	0.0	1.569999
4	0.0	1.569999
5	0.0	1.569999
1	33.3	1.579999
2	33.3	1.579999
4	33.3	1.579999
5	33.3	1.579999
0	0.0	1.579999
3	0.0	1.579999
0	50.0	1.589999
1	50.0	1.589999
2	50.0	1.589999
3	50.0	1.589999
4	50.0	1.589999
5	0.0	1.589999
3	50.0	1.599999
5	50.0	1.599999
0	0.0	1.599999
1	0.0	1.599999
2	0.0	1.599999
4	0.0	1.599999
0	66.7	1.609999
4	66.7	1.609999
1	33.3	1.609999
2	33.3	1.609999
3	33.3	1.609999
5	0.0	1.609999
0	50.0	1.619999
1	50.0	1.619999
5	50.0	1.619999
2	0.0	1.619999
3	0.0	1.619999
4	0.0	1.619999
2	66.7	1.629999
0	33.3	1.629999
1	33.3	1.629999
3	33.3	1.629999
4	33.3	1.629999
5	33.3	1.629999
1	50.0	1.639999
4	50.0	1.639999
0	0.0	1.639999
2	0.0	1.639999
3	0.0	1.639999
5	0.0	1.639999
0	33.3	1.649999
1	33.3	1.649999
2	33.3	1.649999
3	33.3	1.649999
5	33.3	1.649999
4	0.0	1.649999
0	50.0	1.659999
1	50.0	1.659999
2	50.0	1.659999
4	50.0	1.659999
5	50.0	1.659999
3	0.0	1.659999
0	33.3	1.669999
2	33.3	1.669999
3	33.3	1.669999
4	33.3	1.669999
1	0.0	1.669999
5	0.0	1.669999
0	25.0	1.679999
1	25.0	1.679999
3	25.0	1.679999
4	25.0	1.679999
5	25.0	1.679999
2	0.0	1.679999
0	50.0	1.689999
1	50.0	1.689999
2	50.0	1.689999
4	50.0	1.689999
5	50.0	1.689999
3	0.0	1.689999
0	50.0	1.699999
1	50.0	1.699999
3	50.0	1.699999
4	50.0	1.699999
2	0.0	1.699999
5	0.0	1.699999
0	50.0	1.709999
1	50.0	1.709999
3	50.0	1.709999
4	50.0	1.709999
5	50.0	1.709999
2	0.0	1.709999
0	33.3	1.719999
1	33.3	1.719999
2	33.3	1.719999
4	33.3	1.719999
3	0.0	1.719999
5	0.0	1.719999
2	50.0	1.729999
3	50.0	1.729999
4	50.0	1.729999
5	50.0	1.729999
0	0.0	1.729999
1	0.0	1.729999
0	33.3	1.739999
1	33.3	1.739999
3	33.3	1.739999
4	33.3	1.739999
2	0.0	1.739999
5	0.0	1.739999
0	50.0	1.749999
2	50.0	1.749999
4	50.0	1.749999
5	50.0	1.749999
1	0.0	1.749999
3	0.0	1.749999
0	50.0	1.759999
1	50.0	1.759999
3	50.0	1.759999
5	50.0	1.759999
2	0.0	1.759999
4	0.0	1.759999
1	50.0	1.769999
2	50.0	1.769999
4	50.0	1.769999
0	0.0	1.769999
3	0.0	1.769999
5	0.0	1.769999
1	66.7	1.779999
0	33.3	1.779999
2	33.3	1.779999
4	33.3	1.779999
5	33.3	1.779999
3	0.0	1.779999
3	66.7	1.789999
0	33.3	1.789999
1	0.0	1.789999
2	0.0	1.789999
4	0.0	1.789999
5	0.0	1.789999
0	50.0	1.799999
2	50.0	1.799999
4	50.0	1.799999
5	50.0	1.799999
1	0.0	1.799999
3	0.0	1.799999
1	33.3	1.809999
3	33.3	1.809999
4	33.3	1.809999
5	33.3	1.809999
0	0.0	1.809999
2	0.0	1.809999
0	50.0	1.819999
1	50.0	1.819999
2	50.0	1.819999
3	50.0	1.819999
4	50.0	1.819999
5	0.0	1.819999
0	33.3	1.829999
1	33.3	1.829999
2	33.3	1.829999
4	33.3	1.829999
5	33.3	1.829999
3	0.0	1.829999
1	100.0	1.839999
0	50.0	1.839999
3	50.0	1.839999
5	50.0	1.839999
2	0.0	1.839999
4	0.0	1.839999
4	50.0	1.849999
5	50.0	1.849999
0	0.0	1.849999
1	0.0	1.849999
2	0.0	1.849999
3	0.0	1.849999
0	33.3	1.859999
2	33.3	1.859999
3	33.3	1.859999
4	33.3	1.859999
1	0.0	1.859999
5	0.0	1.859999
0	50.0	1.869999
1	50.0	1.869999
2	50.0	1.869999
3	50.0	1.869999
4	50.0	1.869999
5	50.0	1.869999
1	100.0	1.879999
0	50.0	1.879999
4	50.0	1.879999
5	50.0	1.879999
2	0.0	1.879999
3	0.0	1.879999
0	33.3	1.889999
2	33.3	1.889999
3	33.3	1.889999
4	33.3	1.889999
1	0.0	1.889999
5	0.0	1.889999
0	50.0	1.899999
1	50.0	1.899999
3	50.0	1.899999
4	50.0	1.899999
5	50.0	1.899999
2	0.0	1.899999
2	33.3	1.909999
0	0.0	1.909999
1	0.0	1.909999
3	0.0	1.909999
4	0.0	1.909999
5	0.0	1.909999
0	66.7	1.919999
1	33.3	1.919999
2	33.3	1.919999
4	33.3	1.919999
5	33.3	1.919999
3	0.0	1.919999
0	50.0	1.929999
1	50.0	1.929999
3	50.0	1.929999
4	50.0	1.929999
5	50.0	1.929999
2	0.0	1.929999
1	50.0	1.939999
2	50.0	1.939999
4	50.0	1.939999
0	0.0	1.939999
3	0.0	1.939999
5	0.0	1.939999
3	66.7	1.949998
0	33.3	1.949998
4	33.3	1.949998
5	33.3	1.949998
1	0.0	1.949998
2	0.0	1.949998
0	33.3	1.959998
1	33.3	1.959998
2	33.3	1.959998
5	33.3	1.959998
3	0.0	1.959998
4	0.0	1.959998
0	50.0	1.969998
1	50.0	1.969998
2	50.0	1.969998
3	50.0	1.969998
4	50.0	1.969998
5	0.0	1.969998
0	50.0	1.979998
1	50.0	1.979998
2	50.0	1.979998
4	50.0	1.979998
5	50.0	1.979998
3	0.0	1.979998
1	33.3	1.989998
2	33.3	1.989998
3	33.3	1.989998
4	33.3	1.989998
0	0.0	1.989998
5	0.0	1.989998
1	50.0	1.999998
3	50.0	1.999998
5	50.0	1.999998
0	0.0	1.999998
2	0.0	1.999998
4	0.0	1.999998
0	33.3	2.009999
1	33.3	2.009999
2	0.0	2.009999
3	0.0	2.009999
4	0.0	2.009999
5	0.0	2.009999
0	50.0	2.019999
1	50.0	2.019999
2	50.0	2.019999
3	50.0	2.019999
4	50.0	2.019999
5	50.0	2.019999
4	66.7	2.029999
0	33.3	2.029999
1	33.3	2.029999
3	33.3	2.029999
5	33.3	2.029999
2	0.0	2.029999
0	50.0	2.039999
2	50.0	2.039999
4	50.0	2.039999
1	0.0	2.039999
3	0.0	2.039999
5	0.0	2.039999
1	33.3	2.049999
2	33.3	2.049999
3	33.3	2.049999
4	33.3	2.049999
5	33.3	2.049999
0	0.0	2.049999
0	50.0	2.059999
1	50.0	2.059999
4	50.0	2.059999
5	50.0	2.059999
2	0.0	2.059999
3	0.0	2.059999
0	33.3	2.069999
1	33.3	2.069999
2	33.3	2.069999
3	33.3	2.069999
4	0.0	2.069999
5	0.0	2.069999
1	50.0	2.079998
4	50.0	2.079998
5	50.0	2.079998
0	0.0	2.079998
2	0.0	2.079998
3	0.0	2.079998
2	66.7	2.089998
0	33.3	2.089998
1	33.3	2.089998
3	33.3	2.089998
4	33.3	2.089998
5	33.3	2.089998
0	50.0	2.099998
1	50.0	2.099998
3	50.0	2.099998
2	0.0	2.099998
4	0.0	2.099998
5	0.0	2.099998
2	50.0	2.109998
4	50.0	2.109998
0	0.0	2.109998
1	0.0	2.109998
3	0.0	2.109998
5	0.0	2.109998
0	100.0	2.119998
1	50.0	2.119998
2	50.0	2.119998
3	50.0	2.119998
4	50.0	2.119998
5	50.0	2.119998
1	33.3	2.129998
3	33.3	2.129998
4	33.3	2.129998
5	33.3	2.129998
0	0.0	2.129998
2	0.0	2.129998
0	50.0	2.139998
1	0.0	2.139998
2	0.0	2.139998
3	0.0	2.139998
4	0.0	2.139998
5	0.0	2.139998
0	66.7	2.149998
2	66.7	2.149998
1	33.3	2.149998
3	33.3	2.149998
4	33.3	2.149998
5	33.3	2.149998
1	50.0	2.159998
4	50.0	2.159998
0	0.0	2.159998
2	0.0	2.159998
3	0.0	2.159998
5	0.0	2.159998
0	33.3	2.169998
1	33.3	2.169998
2	33.3	2.169998
3	33.3	2.169998
4	33.3	2.169998
5	33.3	2.169998
0	33.3	2.179998
1	33.3	2.179998
3	33.3	2.179998
4	33.3	2.179998
5	33.3	2.179998
2	0.0	2.179998
0	33.3	2.189998
2	33.3	2.189998
4	33.3	2.189998
5	33.3	2.189998
1	0.0	2.189998
3	0.0	2.189998
1	100.0	2.199998
0	100.0	2.199998
2	100.0	2.199998
3	100.0	2.199998
4	0.0	2.199998
5	0.0	2.199998
0	33.3	2.209998
1	33.3	2.209998
4	33.3	2.209998
5	33.3	2.209998
2	0.0	2.209998
3	0.0	2.209998
3	50.0	2.219998
4	50.0	2.219998
0	0.0	2.219998
1	0.0	2.219998
2	0.0	2.219998
5	0.0	2.219998
0	66.7	2.229998
1	33.3	2.229998
2	33.3	2.229998
3	33.3	2.229998
5	33.3	2.229998
4	0.0	2.229998
4	66.7	2.239998
0	33.3	2.239998
1	33.3	2.239998
2	33.3	2.239998
3	33.3	2.239998
5	33.3	2.239998
0	0.0	2.249998
1	0.0	2.249998
2	0.0	2.249998
3	0.0	2.249998
4	0.0	2.249998
5	0.0	2.249998
0	33.3	2.259998
1	33.3	2.259998
2	33.3	2.259998
3	33.3	2.259998
4	33.3	2.259998
5	33.3	2.259998
0	50.0	2.269998
1	50.0	2.269998
2	50.0	2.269998
4	50.0	2.269998
5	50.0	2.269998
3	0.0	2.269998
0	33.3	2.279998
1	33.3	2.279998
3	33.3	2.279998
4	33.3	2.279998
2	0.0	2.279998
5	0.0	2.279998
1	50.0	2.289998
2	50.0	2.289998
4	50.0	2.289998
5	50.0	2.289998
0	0.0	2.289998
3	0.0	2.289998
0	50.0	2.299998
2	50.0	2.299998
3	50.0	2.299998
4	50.0	2.299998
1	0.0	2.299998
5	0.0	2.299998
0	33.3	2.309998
1	33.3	2.309998
2	33.3	2.309998
3	33.3	2.309998
4	33.3	2.309998
5	33.3	2.309998
0	33.3	2.319998
1	33.3	2.319998
3	33.3	2.319998
4	33.3	2.319998
5	33.3	2.319998
2	0.0	2.319998
0	50.0	2.329998
1	50.0	2.329998
2	50.0	2.329998
3	0.0	2.329998
4	0.0	2.329998
5	0.0	2.329998
0	50.0	2.339998
1	50.0	2.339998
3	50.0	2.339998
4	50.0	2.339998
2	0.0	2.339998
5	0.0	2.339998
2	33.3	2.349998
4	33.3	2.349998
5	33.3	2.349998
0	0.0	2.349998
1	0.0	2.349998
3	0.0	2.349998
0	33.3	2.359998
1	33.3	2.359998
3	33.3	2.359998
5	33.3	2.359998
2	0.0	2.359998
4	0.0	2.359998
1	50.0	2.369998
2	50.0	2.369998
4	50.0	2.369998
0	0.0	2.369998
3	0.0	2.369998
5	0.0	2.369998
0	66.7	2.379998
1	33.3	2.379998
3	33.3	2.379998
4	33.3	2.379998
5	33.3	2.379998
2	0.0	2.379998
1	50.0	2.389998
2	50.0	2.389998
3	50.0	2.389998
4	50.0	2.389998
5	50.0	2.389998
0	0.0	2.389998
0	50.0	2.399998
4	50.0	2.399998
1	0.0	2.399998
2	0.0	2.399998
3	0.0	2.399998
5	0.0	2.399998
0	50.0	2.409998
1	25.0	2.409998
2	25.0	2.409998
3	25.0	2.409998
4	25.0	2.409998
5	25.0	2.409998
1	50.0	2.419998
2	50.0	2.419998
0	0.0	2.419998
3	0.0	2.419998
4	0.0	2.419998
5	0.0	2.419998
4	66.7	2.429998
0	33.3	2.429998
1	33.3	2.429998
2	33.3	2.429998
3	33.3	2.429998
5	33.3	2.429998
0	50.0	2.439998
1	50.0	2.439998
3	50.0	2.439998
2	0.0	2.439998
4	0.0	2.439998
5	0.0	2.439998
5	100.0	2.449998
1	50.0	2.449998
2	50.0	2.449998
4	50.0	2.449998
0	0.0	2.449998
3	0.0	2.449998
0	33.3	2.459998
1	33.3	2.459998
2	33.3	2.459998
3	33.3	2.459998
4	33.3	2.459998
5	0.0	2.459998
0	66.7	2.469998
1	33.3	2.469998
2	33.3	2.469998
4	33.3	2.469998
5	33.3	2.469998
3	0.0	2.469998
1	50.0	2.479998
2	50.0	2.479998
3	50.0	2.479998
4	50.0	2.479998
5	50.0	2.479998
0	0.0	2.479998
0	33.3	2.489998
3	33.3	2.489998
4	33.3	2.489998
1	0.0	2.489998
2	0.0	2.489998
5	0.0	2.489998
1	100.0	2.499998
0	50.0	2.499998
2	50.0	2.499998
4	50.0	2.499998
5	50.0	2.499998
3	0.0	2.499998
0	33.3	2.509998
3	33.3	2.509998
4	33.3	2.509998
5	33.3	2.509998
1	0.0	2.509998
2	0.0	2.509998
1	50.0	2.519998
2	50.0	2.519998
3	50.0	2.519998
4	50.0	2.519998
0	0.0	2.519998
5	0.0	2.519998
0	50.0	2.529998
1	50.0	2.529998
5	50.0	2.529998
2	0.0	2.529998
3	0.0	2.529998
4	0.0	2.529998
0	100.0	2.539998
1	50.0	2.539998
2	50.0	2.539998
3	50.0	2.539998
4	50.0	2.539998
5	50.0	2.539998
0	25.0	2.549998
2	25.0	2.549998
1	0.0	2.549998
3	0.0	2.549998
4	0.0	2.549998
5	0.0	2.549998
1	50.0	2.559998
3	50.0	2.559998
4	50.0	2.559998
5	50.0	2.559998
0	0.0	2.559998
2	0.0	2.559998
0	33.3	2.569998
1	33.3	2.569998
2	33.3	2.569998
3	33.3	2.569998
4	33.3	2.569998
5	0.0	2.569998
0	50.0	2.579998
1	50.0	2.579998
4	50.0	2.579998
5	50.0	2.579998
2	0.0	2.579998
3	0.0	2.579998
0	33.3	2.589998
2	33.3	2.589998
3	33.3	2.589998
4	33.3	2.589998
5	33.3	2.589998
1	0.0	2.589998
1	50.0	2.599998
2	50.0	2.599998
3	50.0	2.599998
4	50.0	2.599998
0	0.0	2.599998
5	0.0	2.599998
1	50.0	2.609998
0	25.0	2.609998
3	25.0	2.609998
5	25.0	2.609998
2	0.0	2.609998
4	0.0	2.609998
4	100.0	2.619998
0	50.0	2.619998
2	50.0	2.619998
1	0.0	2.619998
3	0.0	2.619998
5	0.0	2.619998
0	50.0	2.629998
1	50.0	2.629998
3	50.0	2.629998
5	50.0	2.629998
2	0.0	2.629998
4	0.0	2.629998
0	50.0	2.639998
1	50.0	2.639998
2	50.0	2.639998
4	50.0	2.639998
3	0.0	2.639998
5	0.0	2.639998
4	50.0	2.649998
0	25.0	2.649998
1	25.0	2.649998
2	25.0	2.649998
3	25.0	2.649998
5	25.0	2.649998
2	50.0	2.659998
0	0.0	2.659998
1	0.0	2.659998
3	0.0	2.659998
4	0.0	2.659998
5	0.0	2.659998
0	100.0	2.669998
1	50.0	2.669998
3	50.0	2.669998
4	50.0	2.669998
5	50.0	2.669998
2	0.0	2.669998
1	33.3	2.679998
2	33.3	2.679998
3	33.3	2.679998
4	33.3	2.679998
5	33.3	2.679998
0	0.0	2.679998
0	50.0	2.689998
1	50.0	2.689998
4	50.0	2.689998
5	50.0	2.689998
2	0.0	2.689998
3	0.0	2.689998
0	33.3	2.699998
1	33.3	2.699998
2	33.3	2.699998
3	33.3	2.699998
4	0.0	2.699998
5	0.0	2.699998
4	66.7	2.709998
0	33.3	2.709998
1	33.3	2.709998
2	33.3	2.709998
3	33.3	2.709998
5	33.3	2.709998
1	50.0	2.719998
2	50.0	2.719998
0	0.0	2.719998
3	0.0	2.719998
4	0.0	2.719998
5	0.0	2.719998
0	33.3	2.729998
3	33.3	2.729998
4	33.3	2.729998
5	33.3	2.729998
1	0.0	2.729998
2	0.0	2.729998
0	100.0	2.739998
1	100.0	2.739998
2	100.0	2.739998
4	100.0	2.739998
5	100.0	2.739998
3	0.0	2.739998
0	33.3	2.749998
1	33.3	2.749998
3	33.3	2.749998
4	33.3	2.749998
2	0.0	2.749998
5	0.0	2.749998
0	50.0	2.759998
1	50.0	2.759998
2	50.0	2.759998
3	50.0	2.759998
4	50.0	2.759998
5	50.0	2.759998
2	33.3	2.769998
0	0.0	2.769998
1	0.0	2.769998
3	0.0	2.769998
4	0.0	2.769998
5	0.0	2.769998
0	33.3	2.779998
1	33.3	2.779998
3	33.3	2.779998
4	33.3	2.779998
5	33.3	2.779998
2	0.0	2.779998
0	50.0	2.789998
1	50.0	2.789998
3	50.0	2.789998
4	50.0	2.789998
5	50.0	2.789998
2	0.0	2.789998
0	50.0	2.799998
1	50.0	2.799998
2	50.0	2.799998
5	50.0	2.799998
3	0.0	2.799998
4	0.0	2.799998
0	66.7	2.809998
4	66.7	2.809998
1	33.3	2.809998
2	33.3	2.809998
3	33.3	2.809998
5	0.0	2.809998
5	33.3	2.819998
0	0.0	2.819998
1	0.0	2.819998
2	0.0	2.819998
3	0.0	2.819998
4	0.0	2.819998
0	33.3	2.829998
1	33.3	2.829998
2	33.3	2.829998
3	33.3	2.829998
4	33.3	2.829998
5	0.0	2.829998
1	100.0	2.839998
3	50.0	2.839998
4	50.0	2.839998
5	50.0	2.839998
0	0.0	2.839998
2	0.0	2.839998
0	50.0	2.849998
2	50.0	2.849998
4	50.0	2.849998
1	0.0	2.849998
3	0.0	2.849998
5	0.0	2.849998
0	33.3	2.859998
1	33.3	2.859998
3	33.3	2.859998
4	33.3	2.859998
5	33.3	2.859998
2	0.0	2.859998
2	50.0	2.869998
0	0.0	2.869998
1	0.0	2.869998
3	0.0	2.869998
4	0.0	2.869998
5	0.0	2.869998
0	33.3	2.879998
1	33.3	2.879998
2	33.3	2.879998
3	33.3	2.879998
4	33.3	2.879998
5	33.3	2.879998
0	66.7	2.889998
1	33.3	2.889998
2	33.3	2.889998
3	33.3	2.889998
4	33.3	2.889998
5	33.3	2.889998
0	50.0	2.899998
1	50.0	2.899998
2	0.0	2.899998
3	0.0	2.899998
4	0.0	2.899998
5	0.0	2.899998
1	50.0	2.909998
3	50.0	2.909998
4	50.0	2.909998
5	50.0	2.909998
0	0.0	2.909998
2	0.0	2.909998
0	33.3	2.919998
1	33.3	2.919998
2	33.3	2.919998
4	33.3	2.919998
3	0.0	2.919998
5	0.0	2.919998
0	50.0	2.929998
1	50.0	2.929998
2	50.0	2.929998
3	50.0	2.929998
4	50.0	2.929998
5	50.0	2.929998
0	33.3	2.939998
2	33.3	2.939998
3	33.3	2.939998
4	33.3	2.939998
5	33.3	2.939998
1	0.0	2.939998
1	50.0	2.949998
4	50.0	2.949998
0	0.0	2.949998
2	0.0	2.949998
3	0.0	2.949998
5	0.0	2.949998
0	33.3	2.959998
1	33.3	2.959998
2	33.3	2.959998
3	33.3	2.959998
4	33.3	2.959998
5	33.3	2.959998
0	50.0	2.969998
1	50.0	2.969998
4	50.0	2.969998
5	50.0	2.969998
2	0.0	2.969998
3	0.0	2.969998
1	33.3	2.979998
2	33.3	2.979998
3	33.3	2.979998
0	0.0	2.979998
4	0.0	2.979998
5	0.0	2.979998
0	50.0	2.989998
2	50.0	2.989998
4	50.0	2.989998
5	50.0	2.989998
1	0.0	2.989998
3	0.0	2.989998
1	100.0	2.999998
0	50.0	2.999998
3	50.0	2.999998
2	0.0	2.999998
4	0.0	2.999998
5	0.0	2.999998
